{
  "advancedEditorSelectedIdentifier" : "ProjectBrowser",
  "openSceneRelativePaths" : [
    "UR5.usda"
  ],
  "recentIdentifiers" : {
    "E74473FD-2F40-4316-AC24-E5003C1B63A9" : [

    ]
  },
  "sceneCameraHistory" : {
    "3B2374AC-F3FA-4E0D-9FFF-C0492826CFEE" : [
      {
        "date" : 743500260.273006,
        "title" : "Untitled",
        "transform" : [
          0.22283535,
          -0.0062487964,
          -0.9748361,
          0,
          -0.7805045,
          0.59799564,
          -0.18224679,
          0,
          0.5840866,
          0.801475,
          0.12837736,
          0,
          0.32703722,
          1.2213166,
          -0.0054685622,
          1
        ]
      },
      {
        "date" : 743500193.69141,
        "title" : "Untitled",
        "transform" : [
          -0.9982954,
          0.00019916215,
          -0.058362585,
          0,
          -0.014849494,
          -0.96795136,
          0.25069842,
          0,
          -0.056442212,
          0.2511377,
          0.96630436,
          0,
          0.2382839,
          -1.1037235,
          2.8472145,
          1
        ]
      },
      {
        "date" : 743500054.017146,
        "title" : "Untitled",
        "transform" : [
          1,
          0,
          -0,
          0,
          -0,
          0.86592865,
          -0.50016755,
          0,
          0,
          0.50016755,
          0.86592865,
          0,
          0.055307392,
          2.1656265,
          2.954148,
          1
        ]
      }
    ],
    "AE5410C2-4A05-481E-9CBA-CF1443626C37" : [
      {
        "date" : 737268163.146056,
        "title" : "Untitled",
        "transform" : [
          0.4917043,
          4.476002e-09,
          0.8707622,
          0,
          0.1475613,
          0.9855367,
          -0.08332529,
          0,
          -0.8581682,
          0.1694622,
          0.48459262,
          0,
          -1.1303864,
          0.6481217,
          1.2954485,
          1
        ]
      },
      {
        "date" : 737268156.699232,
        "title" : "Untitled",
        "transform" : [
          0.4917043,
          4.476002e-09,
          0.8707622,
          0,
          0.1475613,
          0.9855367,
          -0.08332529,
          0,
          -0.8581682,
          0.1694622,
          0.48459262,
          0,
          -2.3213685,
          0.95426893,
          1.3716613,
          1
        ]
      },
      {
        "date" : 737268154.714688,
        "title" : "Untitled",
        "transform" : [
          1,
          0,
          -0,
          0,
          -0,
          0.86613864,
          -0.49980387,
          0,
          0,
          0.49980387,
          0.86613864,
          0,
          0,
          1.8478138,
          2.4035387,
          1
        ]
      }
    ],
    "D5311210-EAA3-4FD5-BB64-7FBAA22A767E" : [
      {
        "date" : 737255264.980151,
        "title" : "Untitled",
        "transform" : [
          0.99999994,
          0,
          -0,
          0,
          -0,
          0.8660255,
          -0.49999988,
          0,
          0,
          0.49999988,
          0.8660255,
          0,
          0,
          0.20538673,
          0.35574028,
          1
        ]
      }
    ],
    "E74473FD-2F40-4316-AC24-E5003C1B63A9" : [
      {
        "date" : 743500394.272904,
        "title" : "Untitled",
        "transform" : [
          -0.40610662,
          4.297887e-05,
          -0.9138257,
          0,
          -0.4349114,
          0.8794774,
          0.19331715,
          0,
          0.8036974,
          0.47594064,
          -0.3571429,
          0,
          1.2627361,
          1.6582465,
          -0.41874844,
          1
        ]
      },
      {
        "date" : 743500376.329782,
        "title" : "Untitled",
        "transform" : [
          0.91747844,
          4.296636e-05,
          -0.39778543,
          0,
          -0.2649288,
          0.7460096,
          -0.61096853,
          0,
          0.2967255,
          0.6659353,
          0.6844591,
          0,
          0.16818202,
          1.0963001,
          0.24740112,
          1
        ]
      },
      {
        "date" : 743500370.24275,
        "title" : "Untitled",
        "transform" : [
          0.98843163,
          5.943771e-09,
          0.15166694,
          0,
          0.065630406,
          0.9015249,
          -0.42772123,
          0,
          -0.13673154,
          0.4327272,
          0.89109576,
          0,
          0.13294174,
          1.0566373,
          0.6773091,
          1
        ]
      },
      {
        "date" : 743500363.735535,
        "title" : "Untitled",
        "transform" : [
          0.9927102,
          1.9525315e-08,
          0.12052635,
          0,
          0.0027437506,
          0.9997409,
          -0.022599263,
          0,
          -0.12049498,
          0.022765176,
          0.9924529,
          0,
          0.1314991,
          1.0542823,
          0.6544595,
          1
        ]
      },
      {
        "date" : 743500356.022782,
        "title" : "Untitled",
        "transform" : [
          -0.14611407,
          1.7069734e-08,
          -0.9892679,
          0,
          -0.9476735,
          0.28691998,
          0.13997066,
          0,
          0.28384075,
          0.95795465,
          -0.041923154,
          0,
          0.19337387,
          1.524637,
          -0.003661111,
          1
        ]
      },
      {
        "date" : 743500345.971584,
        "title" : "Untitled",
        "transform" : [
          0.14901087,
          1.8598934e-08,
          -0.98883545,
          0,
          -0.1647129,
          0.98602915,
          -0.024821078,
          0,
          0.9750208,
          0.16657256,
          0.14692898,
          0,
          0.62544143,
          1.132246,
          0.090108335,
          1
        ]
      },
      {
        "date" : 743500339.372163,
        "title" : "Untitled",
        "transform" : [
          -0.6960394,
          1.9949145e-08,
          -0.7180035,
          0,
          -0.3080776,
          0.90326864,
          0.2986534,
          0,
          0.6485501,
          0.42907536,
          -0.62871075,
          0,
          0.3690204,
          1.2691638,
          -0.28684777,
          1
        ]
      },
      {
        "date" : 743500062.036574,
        "title" : "Untitled",
        "transform" : [
          -0.36288068,
          1.1405792e-08,
          -0.93183565,
          0,
          -0.27154332,
          0.9565992,
          0.10574593,
          0,
          0.8913932,
          0.29140687,
          -0.34713134,
          0,
          1.3215905,
          0.9465953,
          -0.4495746,
          1
        ]
      },
      {
        "date" : 743500040.593621,
        "title" : "Untitled",
        "transform" : [
          -0.36288068,
          1.1405792e-08,
          -0.93183565,
          0,
          -0.27154332,
          0.9565992,
          0.10574593,
          0,
          0.8913932,
          0.29140687,
          -0.34713134,
          0,
          1.3215905,
          0.9465952,
          -0.44957456,
          1
        ]
      },
      {
        "date" : 743500018.942769,
        "title" : "Untitled",
        "transform" : [
          -0.36288062,
          -7.2192887e-09,
          -0.93183565,
          0,
          -0.27154332,
          0.95659924,
          0.105745904,
          0,
          0.89139324,
          0.29140687,
          -0.3471313,
          0,
          0.37538645,
          1.1229411,
          -0.046698753,
          1
        ]
      }
    ]
  },
  "selectedSceneRelativePath" : "UR5.usda"
}